	Name	T	alpha
0	AniaPiatek	1.3609082031249953	0.7433886718749949
1	BartekPietruszka	2.3485131835937416	0.5418676757812405
2	bartosz	0.10500000000000001	0.1
3	EmiliaTokarczyk	0.10749999999999998	0.10749999999999998
4	EwaDuda	3.193915252685536	1.592121124267566
5	JacekStankiewicz	3.0900219726562392	1.549880371093738
6	JakubLabaz	0.10500000000000001	0.1
7	karo	0.1	0.1
8	KasiaKurowska	0.5956250000000013	-0.06726562500000173
9	KasiaSzymala	1.1607083129882887	0.1462130737304675
10	Kumaszka	0.10500000000000001	0.1
11	MaciekZamorski	3.0516748046874893	1.5347705078124882
12	MarlenaDuda	1.6926684570312442	0.853249511718744
13	OlaBrudecka	9.402512187957914	1.5961445808409644
14	OlaWisniewska	0.5956250000000013	-0.06726562500000173
15	PatrycjaDuda	0.484375000000001	-0.018984375000001316
16	PawelTerlecki	0.10500000000000001	0.1
17	PiotrGrzybowski	0.24062500000000037	-0.015156250000000454
18	PiotrJanyst	2.4880859374999913	1.2709765624999905
19	Szymonides	2.3485131835937416	0.5418676757812405
20	TomekSwiton	0.10500000000000001	0.1
21	WieslawDuda	2.4880859374999913	1.2709765624999905
