	Name	T	alpha
0	AniaPiatek	1.3609082031249953	0.7433886718749949
1	BartekPietruszka	0.484375000000001	-0.018984375000001316
2	bartosz	0.10500000000000001	0.1
3	EmiliaTokarczyk	0.10500000000000001	0.10500000000000001
4	EwaDuda	3.193915252685536	1.592121124267566
5	JacekStankiewicz	1.539374999999994	1.5356249999999934
6	JakubLabaz	0.10500000000000001	0.1
7	karo	0.1	0.1
8	KasiaKurowska	0.10500000000000001	0.1
9	KasiaSzymala	0.8949999999999994	-0.05000000000000131
10	Kumaszka	0.10500000000000001	0.1
11	MaciekZamorski	2.2055371093749976	-0.10952148437500442
12	MarlenaDuda	1.6926684570312442	0.853249511718744
13	OlaBrudecka	9.402512187957914	1.5961445808409644
14	OlaWisniewska	0.10500000000000001	0.1
15	PatrycjaDuda	0.382634277343749	-0.031574707031251065
16	PawelTerlecki	0.10500000000000001	0.1
17	PiotrGrzybowski	0.23695312500000043	-0.0056445312500004174
18	PiotrJanyst	2.4880859374999913	1.2709765624999905
19	Szymonides	1.0599999999999956	1.0549999999999953
20	TomekSwiton	0.10500000000000001	0.1
21	WieslawDuda	2.4880859374999913	1.2709765624999905
