	Name	T	alpha gain	alpha loose
0	AniaPiatek	0.0033333333333334103	0.1283333333333337	0.12333333333333352
1	BartekPietruszka	0.0033333333333334103	0.1283333333333337	0.12333333333333352
2	bartosz	0.0033333333333334103	0.1283333333333337	0.12333333333333352
3	EmiliaTokarczyk	-0.0074074074074073	0.12271604938271646	0.12000000000000019
4	EwaDuda	-0.024595336076817464	0.13494513031550112	0.12832647462277114
5	JacekStankiewicz	-0.024595336076817464	0.13494513031550112	0.12832647462277114
6	JakubLabaz	0.0033333333333334103	0.1283333333333337	0.12333333333333352
7	karo	0.0033333333333334103	0.1283333333333337	0.12333333333333352
8	KasiaKurowska	0.03000000000000007	0.11944444444444471	0.11666666666666681
9	KasiaSzymala	-0.0074074074074073	0.12271604938271646	0.12000000000000019
10	Kumaszka	0.0033333333333334103	0.1283333333333337	0.12333333333333352
11	MaciekZamorski	-0.024595336076817464	0.13494513031550112	0.12832647462277114
12	MarlenaDuda	-0.0074074074074073	0.12271604938271646	0.12000000000000019
13	OlaBrudecka	0.0033333333333334103	0.1283333333333337	0.12333333333333352
14	OlaWisniewska	-0.024595336076817464	0.13494513031550112	0.12832647462277114
15	PatrycjaDuda	0.0033333333333334103	0.1283333333333337	0.12333333333333352
16	PawelTerlecki	0.0033333333333334103	0.1283333333333337	0.12333333333333352
17	PiotrGrzybowski	0.03000000000000007	0.11944444444444471	0.11666666666666681
18	PiotrJanyst	-0.0074074074074073	0.12271604938271646	0.12000000000000019
19	Szymonides	0.0033333333333334103	0.1283333333333337	0.12333333333333352
20	TomekSwiton	0.0033333333333334103	0.1283333333333337	0.12333333333333352
21	WieslawDuda	-0.0074074074074073	0.12271604938271646	0.12000000000000019
